GRBID	Fbest	T_abest	F_min	F_max	T_amin	T_amax	logT90	logPeakFlux	errorlogPeakFlux	photon_index	errorphotonindex	logNH	T90_err
GRB050128	-9.55803	2.89188	-9.63398	-9.48207	2.81994	2.96382	1.28330122870355	0.8704039052790271	0.0427270851468159	0.7	-0.3	21.0284541237804	9.05538513813742
GRB050607	-11.5579	3.86029	-11.6181	-11.4977	3.77922	3.94135	1.42160392686983	-0.022276394711152253	0.0640012920699529	1.92	0.16	21.3651509014936	35.7770876399966
GRB050712	-11.5943	4.37043	-11.6532	-11.5354	4.28876	4.45211	1.71264970162721	-0.2596373105057561	0.142132739531973	1.50	0.18	21.2692583637097	7.60321327139796
GRB050726	-10.4166	3.47822	-10.4579	-10.3752	3.44173	3.51471	1.69810054562339	0.13987908640123647	0.119588335596548	0.90	0.21	20.8995972811555	14.3682227284407
GRB050814	-11.2842	3.70038	-11.3554	-11.2131	3.57617	3.8246	2.17868923977559	-0.14874165128092473	0.152920592219455	1.80	0.17	20.6450251308765	42.786277159289
GRB050822	-11.399	4.40868	-11.437	-11.3609	4.36072	4.45664	2.01452053875792	0.35024801833416286	0.0426539223297837	2.37	0.14	20.9321260884913	16.3472248307154
GRB050922B	-11.4892	5.27032	-11.5873	-11.3912	5.14832	5.39231	2.17868923977559	0.004321373782642578	0.154798033153634	2.17	0.26	21.2649712151637	93.6613105076492
GRB051016A	-11.125	3.3379	-11.1878	-11.0622	3.2291	3.44669	1.36172783601759	0.14301480025409505	0.118727987858443	1.89	0.27	21.6708032110514	6.08276253029822
GRB060105	-8.89733	2.92025	-8.90787	-8.88679	2.9099	2.93059	1.73559889969818	0.8715729355458788	0.0210142491243509	1.07	0.04	21.5320418575274	1.58020250506331
GRB060108	-11.5749	4.05409	-11.6456	-11.5041	3.95692	4.15126	1.15533603746506	-0.11350927482751812	0.0676822569199873	2.03	0.17	20.8823508992935	2.08302088658982
GRB060109	-11.3666	4.15565	-11.4254	-11.3077	4.09875	4.21255	2.06220580881971	-0.3279021420642826	0.110883697507213	1.93	0.24	21.5069715468501	10.9745261292203
GRB060219	-11.4924	3.90781	-11.6133	-11.3714	3.75205	4.06358	1.79309160017658	-0.25181197299379954	0.131839396292059	2.56	0.34	21.5804014551	6.30087866724245
GRB060312	-11.3551	3.66183	-11.4747	-11.2355	3.52387	3.79979	1.7041505168398	0.1846914308175988	0.0397393643571603	1.88	0.09	21.1217597115228	12.3476775316329
GRB060413	-10.4853	4.54121	-10.5993	-10.3713	4.42835	4.65407	2.16938049531195	-0.03151705144606486	0.0560379976649357	1.68	0.08	22.3248851093962	26.8067693610075
GRB060421	-10.5758	3.24342	-10.682	-10.4697	3.11085	3.37599	1.08635983067475	0.46834733041215726	0.0265894580757093	1.55	0.08	22.0952432972889	3.32943478934868
GRB060510A	-9.89639	4.09985	-9.92544	-9.86735	4.07175	4.12796	1.3096301674259	1.167317334748176	0.0333845418061683	1.57	0.07	21.5889179043502	1.13971924174702
GRB060719	-11.0124	3.78765	-11.0634	-10.9614	3.73221	3.84308	1.82542611776782	0.3344537511509309	0.0402124520280789	1.91	0.11	21.523873875843	11.5260985515568
GRB060805A	-12.0257	3.86318	-12.1342	-11.9172	3.74597	3.98038	0.724275869600789	-0.46852108295774486	0.140507038262817	2.20	0.42	20.9841932506923	1.73462734396577
GRB060807	-11.3182	4.29504	-11.3624	-11.2741	4.25608	4.33399	1.73239375982297	-0.08092190762392612	0.0837194181982172	1.58	0.21	21.1668680360146	11.6963052412946
GRB060813	-9.43514	2.80308	-9.4576	-9.41267	2.76869	2.83747	1.20682587603185	0.9464522650130731	0.0191600506722023	1.0	-0.2/0.2	21.6081557627479	3.37232025553383
GRB060923A	-11.0023	3.72998	-11.0757	-10.9289	3.64733	3.81264	1.71349054309394	0.12057393120584989	0.085542852496095	1.70	0.23	21.2185460079791	4.31663248830958
GRB060923C	-11.3585	3.98473	-11.4606	-11.2563	3.79913	4.17033	1.87966920563205	-0.017728766960431602	0.162860430713719	2.27	0.24	21.194356135527	11.1502351458394
GRB061019	-11.1221	4.18079	-11.1832	-11.061	4.09033	4.27125	2.26434550705009	0.32633586092875144	0.0901365905836938	1.92	0.26	22.072744953761	6.405797365844
GRB061202	-11.0231	4.68769	-11.0914	-10.9547	4.60119	4.77419	1.95999483832842	0.3996737214810381	0.0294143673002202	1.58	0.07	21.8427939002985	36.2314643358444
GRB070103	-10.9987	3.53314	-11.0682	-10.9293	3.46645	3.59984	1.26951294421792	0.01703333929878037	0.0626386271975844	1.95	0.21	21.5213303341844	2.00141552168192
GRB070107	-9.99381	3.36646	-10.1004	-9.88717	3.2478	3.48513	2.54070478331076	0.2944662261615929	0.050704431897334	1.33	0.1	21.5918972083864	32.9090465269772
GRB070129	-11.6028	4.49461	-11.6383	-11.5673	4.44778	4.54144	2.66332393362821	-0.2596373105057561	0.0947551596879822	2.01	0.15	21.2135586610946	24.2660876097569
GRB070224	-12.3077	4.34243	-12.4451	-12.1703	4.07022	4.61465	1.53781909507327	-0.46852108295774486	0.140507038262817	2.42	0.3	20.783454051921	20.2237484161567
GRB070328	-9.2568	3.02881	-9.26794	-9.24566	3.01584	3.04179	1.8767949762007	0.6253124509616739	0.0246992122409432	1.24	0.04	21.3970043998704	9.12248740228675
GRB070420	-10.1688	3.73139	-10.1957	-10.1419	3.70192	3.76086	1.88366143515362	0.8524799936368563	0.0463572761582123	1.2	-0.2/0.2	21.6101158896311	5.60807597683475
GRB070517	-11.5013	3.81016	-11.6312	-11.3715	3.66311	3.9572	0.880813592280791	-0.022276394711152253	0.0777158546563714	1.94	0.25	21.1991710643245	3.16227766016838
GRB070621	-10.6032	3.27723	-10.6756	-10.5307	3.17351	3.38095	1.52244423350632	0.3979400086720376	0.0521153378283902	1.57	0.06	21.6530628976851	2.77631123696316
GRB070628	-10.3432	3.97958	-10.4665	-10.2199	3.88113	4.07804	1.59217675739587	0.7075701760979364	0.025546734229603	1.91	0.09	21.8755826826928	4.03407337007759
GRB080129	-11.0339	3.99429	-11.106	-10.9617	3.90781	4.08077	1.68124123737559	-0.6989700043360187	0.217147240951626	1.34	0.26	21.9206001619667	35.7770876399966
GRB080205	-9.73889	2.81358	-9.92239	-9.55539	2.68249	2.94466	2.02734960777476	0.146128035678238	0.0620420688433217	2.08	0.12	21.3315932887924	4.95726093935357
GRB080212	-11.2568	4.19497	-11.3078	-11.2059	4.14746	4.24248	2.0899051114394	0.07918124604762482	0.108573620475813	0.31	0.64	21.2333880683653	13.2866805477133
GRB080218B	-11.3313	3.70035	-11.4156	-11.2471	3.56995	3.83074	0.792391689498254	0.4913616938342727	0.0840569964974036	0.11	2.44	21.643760521623	0.92329843911248
GRB080229A	-9.54636	3.68741	-9.56703	-9.52569	3.66398	3.71084	1.80617997398389	0.7558748556724915	0.0152384028737983	1.91	0.06	21.4152739093529	16
GRB080328	-9.62397	3.21924	-9.66289	-9.58505	3.16983	3.26866	1.95712819767681	0.7403626894942439	0.0236887899219956	1.52	0.04	21.672850290861	1.42857690277162
GRB080409	-11.4191	3.60854	-11.5586	-11.2796	3.4457	3.77137	1.30535136944662	0.568201724066995	0.0352130661002637	2.10	0.2	21.7301828910411	10.2328170104824
GRB080605	-8.99918	2.73047	-9.015	-8.98337	2.71291	2.74803	1.30102999566398	1.2988530764097066	0.0130943059870327	1.11	0.14	21.7380841782878	0.939105951293475
GRB080707	-11.568	4.01305	-11.6534	-11.4827	3.8997	4.12641	1.43296929087441	0.	0.0434294481903252	1.77	0.19	21.5584229460035	6.13460347783576
GRB081126	-9.95186	3.42034	-9.99333	-9.91038	3.36829	3.47239	1.73239375982297	0.568201724066995	0.0234753774001758	1.27	0.06	21.6934587288331	5.85040066050243
GRB081222	-10.7863	4.05592	-10.8488	-10.7238	4.00316	4.10869	1.38021124171161	0.8864907251724818	0.0112803761533312	1.08	0.15	21.472879262713	4
GRB090113	-10.0724	3.04433	-10.1413	-10.0035	2.94916	3.1395	0.959041392321094	0.3979400086720376	0.0347435585522601	1.60	0.1	21.4966792341692	0.900222182982103
GRB090404	-11.1402	4.3431	-11.1753	-11.1051	4.28894	4.39726	1.92427928606188	0.2787536009528289	0.0457152086213949	2.32	0.08	21.5865164166267	13.6181431809718
GRB090407	-11.7256	4.89641	-11.7699	-11.6814	4.85239	4.94043	2.49136169383427	-0.2218487496163564	0.072382413650542	1.73	0.29	21.4704149015271	48.109316858525
GRB090518	-11.0436	3.67955	-11.1011	-10.9861	3.59791	3.76118	0.838849090737255	0.38021124171160603	0.036191206825271	1.54	0.14	21.8471393823925	24.4210112852475
GRB090727	-12.3566	5.35407	-12.4559	-12.2573	5.21857	5.48957	2.48000694295715	-0.3010299956639812	0.0868588963806504	1.24	0.24	21.4201277808955	22.9451398031511
GRB090728	-11.0749	3.64639	-11.1369	-11.0129	3.59735	3.69543	1.77085201164214	0.	0.130288344570976	2.05	0.26	20.9836731865922	17.8473098301119
GRB090807	-11.2763	4.08802	-11.4878	-11.0648	3.96241	4.21363	2.14860265480609	-0.1549019599857432	0.124084137686643	2.25	0.14	21.5072971338106	9.19314047743804
GRB090813	-9.61111	3.00808	-9.64409	-9.57812	2.97521	3.04095	0.851258348719075	0.9294189257142927	0.0306560810755237	1.69	0.12	21.3222399749312	0.565416659857746
GRB090904A	-11.7199	4.37117	-11.7883	-11.6514	4.29275	4.44959	2.08635983067475	0.2787536009528289	0.0457152086213949	2.01	0.1	21.0032700556617	9.36861675253685
GRB100302A	-12.0003	4.23746	-12.079	-11.9216	4.11072	4.3642	1.25285303097989	-0.3010299956639812	0.0868588963806504	1.72	0.19	16.7286215820148	1.67630069013583
GRB100305A	-11.775	4.35979	-11.845	-11.7051	4.31458	4.40501	1.84323277809801	-0.045757490560675115	0.144764827301084	1.27	0.23	21.1651493230937	8.07630802950526
GRB100424A	-8.68223	2.66885	-8.72205	-8.64241	2.6454	2.69231	2.01703333929878	-0.3979400086720376	0.108573620475813	1.83	0.13	21.3018652089066	15.111876277615
GRB100522A	-10.5759	3.86836	-10.6125	-10.5393	3.8129	3.92382	1.54777470538782	0.8512583487190752	0.0183504710663346	1.89	0.08	21.6868694388793	16
GRB100606A	-8.53703	2.19646	-8.65279	-8.42128	2.11336	2.27957	2.68124123737559	0.2041199826559248	0.108573620475813	1.35	0.1	21.2663281435841	144
GRB100725A	-9.86238	2.52661	-10.1712	-9.55351	2.46117	2.59204	2.14921911265538	-0.1549019599857432	0.0620420688433217	1.23	1.86536	21.0351334362852	26.6855793227588
GRB100725B	-11.0882	4.41393	-11.1369	-11.0396	4.35682	4.47104	2.30102999566398	0.38021124171160603	0.0180956034126355	1.89	0.06	21.6870507065163	25.9666370298428
GRB100727A	-11.2837	4.2408	-11.3637	-11.2038	4.12444	4.35716	1.92427928606188	0.07918124604762482	0.036191206825271	1.81	0.13	21.3704224093627	13.0586939494838
GRB100802A	-12.205	4.8136	-12.2881	-12.122	4.59728	5.02992	2.68752896121463	-0.045757490560675115	0.0482549424336946	1.85	0.1	21.0705952537691	26.4194649626413
GRB101011A	-9.66783	2.23005	-9.82756	-9.50811	2.14366	2.31644	1.85430604180108	0.11394335230683679	0.0668145356774233	1.24	0.14	21.1476763242411	18.5808904171171
GRB101024A	-10.4259	3.43724	-10.464	-10.3877	3.39373	3.48075	1.2718416065365	0.7403626894942439	0.0157925266146637	1.15	0.31	20.9146408720964	0.488491546585049
GRB110102A	-10.4417	4.06295	-10.4651	-10.4183	4.0381	4.08781	2.42160392686983	0.9242792860618817	0.0155105172108304	1.60	0.04	21.1999717221478	5.09061884640017
GRB110201A	-9.38832	2.8541	-9.53723	-9.23941	2.64739	3.06081	1.11394335230684	0.04139268515822508	0.0394813165366593	1.09	0.11	21.4481077867832	2.28123211973421
GRB110208A	-11.4309	3.31036	-11.5302	-11.3317	3.13233	3.48839	1.57287160220048	-0.2218487496163564	0.072382413650542	2.08	0.31	20.7561026100651	7.9086787835079
GRB110312A	-11.0279	4.1347	-11.0918	-10.9641	4.0062	4.26321	1.45788189673399	0.07918124604762482	0.108573620475813	2.32	0.26	21.6134707695839	7.10696333975949
GRB110315A	-9.65017	2.90525	-9.71547	-9.58486	2.82513	2.98537	1.88649072517248	0.2304489213782739	0.0510934684592061	1.77	0.08	21.4240331176752	11.8127735561507
GRB110318B	-10.6991	3.39365	-10.8565	-10.5416	3.13859	3.64872	0.681241237375587	-0.1549019599857432	0.0620420688433217	1.09	0.17	21.7707850220727	0.56483621211635
GRB110319A	-10.6395	3.34438	-10.7054	-10.5736	3.26622	3.42254	1.28555730900777	0.3424226808222063	0.0394813165366593	1.31	0.43	20.985032421261	1.61819281108566
GRB110402A	-12.0969	4.12739	-12.2781	-11.9156	4.01348	4.2413	1.78461729263288	0.6127838567197355	0.0741478383737259	1.59	0.17	20.8487936282468	6.93581545664705
GRB110411A	-10.7226	3.97634	-10.8192	-10.6259	3.83947	4.11321	1.90471554527868	0.11394335230683679	0.0668145356774233	1.51	0.31	22.0403728707594	5.30609654362747
GRB110414A	10.7304	3.69168	-10.9137	-10.5472	3.58272	3.80064	2.18184358794477	0.04139268515822508	0.118443949609978	1.70	0.14	21.5938944285243	73.1710325197069
GRB110420A	-10.3969	3.75189	-10.4416	-10.3522	3.70938	3.79439	1.07188200730613	1.146128035678238	0.0279189309794948	2.30	0.07	21.1500069040069	1.33804779251485
GRB110530A	-11.1955	3.83408	-11.2482	-11.1427	3.75544	3.91271	1.29225607135648	-0.3979400086720376	0.108573620475813	2.06	0.24	21.3858367638158	15.5237624408228
GRB110610A	-10.0085	3.10642	-10.0839	-9.93313	2.99638	3.21647	1.66651798055488	0.6232492903979004	0.0206806896144406	1.51	0.05	21.9789224305269	5.75076100492169
GRB110801A	-10.366	3.50689	-10.4497	-10.2822	3.43566	3.57812	2.5854607295085	0.04139268515822508	0.0789626330733185	1.84	0.1	21.3905023625177	8.96954068200079
GRB110820A	-11.9925	4.70932	-12.2205	-11.7645	4.4689	4.94975	2.40823996531185	-0.3979400086720376	0.108573620475813	1.92	0.28	21.7001635411957	8.74726584150895
GRB111107A	-11.3845	3.50884	-11.4878	-11.2812	3.34655	3.67113	1.42488163663107	0.07918124604762482	0.072382413650542	1.49	0.14	21.5667520502364	6.6125505253912
GRB111121A	-10.4143	3.3955	-10.5383	-10.2903	3.25343	3.53757	2.07554696139253	0.8512583487190752	0.0183504710663346	1.66	0.12	21.5516865996055	21.4402925626757
GRB111129A	-10.5301	3.4323	-10.5742	-10.486	3.37826	3.48634	0.880813592280791	-0.045757490560675115	0.0965098848673893	2.56	0.38	21.2732976492781	1.14318327726811
GRB120102A	-10.0397	3.80062	-10.1285	-9.95087	3.72425	3.87699	1.58771096501891	1.0128372247051722	0.0168658051224564	1.59	0.05	21.4339185723075	3.47558575518052
GRB120116A	-10.8231	3.46641	-10.8916	-10.7546	3.33106	3.60177	1.61278385671974	0.6127838567197355	0.0317776450173111	1.31	0.41	21.1083004429334	4.13373632343684
GRB120119A	-9.53847	2.93291	-9.58788	-9.48906	2.85231	3.01351	2.40449161775869	1.0128372247051722	0.0126493538418423	1.38	0.04	22.0220281244648	24.4826720940004
GRB120211A	-11.7685	4.12098	-11.9194	-11.6176	3.94793	4.29402	1.79028516403324	-0.3010299956639812	0.173717792761301	1.50	0.22	20.5834866962566	6.15509932974362
GRB120213A	-10.2817	3.80607	-10.6005	-9.96298	3.6383	3.97385	1.68930885912362	0.2304489213782739	0.025546734229603	2.37	0.09	21.2745547700684	12.7803794789734
GRB120215A	-10.2817	3.80607	-10.6005	-9.96298	3.6383	3.97385	1.42324587393681	-0.2218487496163564	0.072382413650542	1.62	0.22	20.9743960804097	8.50432734691697
GRB120224A	-10.5659	3.93181	-10.6509	-10.4809	3.86067	4.00295	0.910090545594068	-0.045757490560675115	0.0965098848673893	2.25	0.36	21.5104712811198	2.10520116432153
GRB120308A	-10.5768	3.93915	-10.6639	-10.4896	3.86598	4.01233	1.78247262416629	0.7781512503836435	0.0072382413650542	1.71	0.13	20.7536382038973	17.1355564828552
GRB120324A	-10.5957	3.9494	-10.6854	-10.506	3.87791	4.02088	2.07188200730613	0.7708520116421442	0.014721846844178	1.34	0.04	22.050269911888	9.59318427639077
GRB120326A	-11.9574	5.31014	-12.1521	-11.7627	5.2289	5.39138	1.84260923961056	0.6627578316815741	0.0188823687784023	1.41	0.34	21.5428316488986	8.3293170973786
GRB120701A	-10.0266	2.75708	-10.1374	-9.9158	2.62317	2.891	1.13987908640124	0.2041199826559248	0.0542868102379065	1.05	0.1	21.2091261201048	0.685521691838888
GRB120703A	-10.1351	3.20671	-10.1772	-10.0931	3.14763	3.2658	1.40140054078154	1.021189299069938	0.0165445516915524	1.51	0.06	21.1449942893595	4.28224241823782
GRB120728A	-10.6692	3.21922	-10.866	-10.4723	2.90747	3.53097	1.34360550810417	0.38021124171160603	0.0904780170631775	1.79	0.13	21.714329759749	2.59457896177031
GRB120927A	-10.5667	3.51032	-10.6417	-10.4916	3.43593	3.58471	1.63346845557959	0.2041199826559248	0.0542868102379065	0.63	0.38	21.4414814698903	18.8572639594741
GRB121123A	-11.3875	4.43356	-11.531	-11.2439	4.32374	4.54339	2.50105926221775	0.414973347970818	0.0334072678387117	0.96	0.2	20.7584031522204	13.8670995923469
GRB121209A	-9.86315	3.27553	-9.98028	-9.74603	3.17008	3.38099	1.63042787502502	0.5314789170422551	0.0383201013444046	1.43	0.08	21.7181835326131	2.04418786715703
GRB121217A	-10.8368	4.50576	-10.8692	-10.8044	4.47045	4.54107	2.89097959698969	0.25527250510330607	0.0241274712168473	1.53	0.08	21.6003031960224	16.1585826231588
GRB130131A	-11.3112	3.64265	-11.3739	-11.2486	3.55555	3.72976	1.71264970162721	-0.1549019599857432	0.0620420688433217	2.12	0.32	21.4328234331816	2.44209745843414
GRB130211A	-13.0315	5.16051	-13.1603	-12.9028	4.96958	5.35143	1.39967372148104	-0.1549019599857432	0.124084137686643	1.81	0.24	21.3344712762284	6.40130267546355
GRB130427B	-11.2077	3.91798	-11.283	-11.1324	3.85314	3.98283	1.43136376415899	0.47712125471966244	0.0579059309204336	1.64	0.15	20.6478971480755	8.45389189457727
GRB130504A	-10.2688	3.7513	-10.3222	-10.2154	3.7109	3.79169	1.69897000433602	-0.045757490560675115	0.0965098848673893	0.52	0.68	22.2632927574534	25.3356602599086
GRB130527A	-9.93338	3.25596	-10.0128	-9.85399	3.1844	3.32751	1.64345267648619	1.3031960574204888	0.030249366898734	1.25	0.05	21.1632478673251	15.6084166746223
GRB130528A	-10.9087	3.9777	-11.0022	-10.8151	3.87308	4.08233	1.77378644498119	0.47712125471966244	0.0289529654602168	1.39	0.19	21.5356447061123	3.5477232088438
GRB130603A	-11.2718	4.38521	-11.4414	-11.1022	4.21363	4.55679	1.88081359228079	-0.09691001300805639	0.0542868102379065	1.83	0.12	21.6723722084131	22.4253927685239
GRB130608A	-11.8323	3.62551	-11.9463	-11.7183	3.36649	3.88452	2.18006850090122	-0.2218487496163564	0.217147240951626	2.71	0.41	20.8208579897214	10.8413366403143
GRB130725B	-10.3642	3.06254	-10.4722	-10.2562	2.90744	3.21764	1	0.3424226808222063	0.0394813165366593	2.23	0.17	20.8639548042813	NA
GRB130812A	-10.3117	2.6882	-10.3708	-10.2526	2.60488	2.77152	0.880813592280791	0.4471580313422192	0.0310210344216608	2.52	0.11	21.4473890765796	0.532781386325794
GRB130816A	-10.4298	2.83295	-10.7422	-10.1175	2.56155	3.10435	1.47668674294564	0.17609125905568124	0.0579059309204336	1.86	0.34	21.8479444879521	1.35699668952184
GRB131002A	-11.1228	3.74626	-11.1837	-11.0618	3.67168	3.82084	1.74499667403856	0.11394335230683679	0.0334072678387117	1.63	0.19	21.0534126831504	3.97822069659924
GRB131002B	-9.76606	3.12402	-9.863	-9.66913	3.04719	3.20084	1.59217675739587	-0.2218487496163564	0.072382413650542	0.36	0.84	21.492960034806	8.08327853500742
GRB131018A	-11.4224	4.56307	-11.5203	-11.3245	4.42811	4.69802	1.86462972454551	-0.3010299956639812	0.0868588963806504	2.24	0.14	21.5164996769919	18.9734095979543
GRB131024A	-11.0831	3.69653	-11.1498	-11.0164	3.57087	3.82219	2.04921802267018	-0.5228787452803376	0.144764827301084	1.85	0.18	20.8182232535179	35.7770876399966
GRB131229A	-8.49034	2.28078	-8.51804	-8.46263	2.25365	2.3079	1.14176323027579	1.0293837776852097	0.0121764808010258	1.02	0.03	21.9428906346751	0.428018690735031
GRB140108A	-9.89581	4.02038	-9.94057	-9.85105	3.97548	4.06528	1.9731278535997	0.785329835010767	0.0213587450116353	1.62	0.05	21.9933184920758	3.25220719968259
GRB140114A	-11.8158	4.48388	-11.8915	-11.7401	4.38289	4.58488	2.14519640611418	-0.045757490560675115	0.0482549424336946	2.06	0.09	21.1319264745199	16.5221713749102
GRB140215A	-11.3344	4.05216	-11.409	-11.2598	3.9903	4.11402	1.92531209149965	0.8976270912904415	0.0384817895357312	1.19	0.08	21.205186493608	48.2402315851806
GRB140304A	-9.31099	3.01201	-9.54568	-9.0763	2.8708	3.15322	1.19312459835446	0.2304489213782739	0.0510934684592061	1.29	0.08	22.4805386999219	1.85303644427525
GRB140323A	-9.9529	3.72061	-9.98263	-9.92317	3.68549	3.75572	2.02077548819356	0.7923916894982539	0.0490332479568187	1.35	0.17	21.7106089485737	2.59570412054245
GRB140331A	-11.8072	4.54757	-11.9537	-11.6607	4.41779	4.67735	2.32014628611105	-0.5086383061657274	0.182123492411041	2.01	0.29	20.6388605732975	33.3105342810254
GRB140626A	-11.8607	3.92917	-12.0142	-11.7071	3.73284	4.1255	1.2148438480477	-0.1549019599857432	0.0620420688433217	0.61	0.88	21.2325656662408	1.38405202517548
GRB140703A	-9.92462	3.54149	-9.98139	-9.86786	3.4841	3.59889	1.82672252016899	0.4471580313422192	0.0930631032649825	1.74	0.13	21.8698439952801	66.3728895394516
GRB140706A	-11.1976	3.83282	-11.2824	-11.1127	3.7071	3.95855	1.68394713075151	0.25527250510330607	0.0482549424336946	1.8	0.1	20.9108580287517	4.27850444310849
GRB140709A	-10.3217	3.77564	-10.3724	-10.2709	3.7117	3.83957	1.99387691494121	0.4913616938342727	0.0420284982487018	1.23	0.27	21.9036856474898	7.72893802254728
GRB140713A	-10.0335	3.22665	-10.3118	-9.75525	2.9515	3.5018	0.724275869600789	0.2787536009528289	0.0457152086213949	1.84	0.14	21.7729730998564	0.663267709277793
GRB140719A	-11.4492	4.11285	-11.5334	-11.365	3.98089	4.2448	1.68124123737559	-0.6989700043360187	0.217147240951626	1.9	0.3	21.4622182526462	22.6274169979695
GRB140730A	-11.2702	3.53158	-11.3476	-11.1928	3.40054	3.66263	1.6159500516564	-0.3010299956639812	0.0868588963806504	2.50	0.32	21.5003826334218	3.66536218104199
GRB140817A	-11.0425	4.28008	-11.1124	-10.9726	4.21308	4.34708	2.38738982633873	0.8573324964312685	0.0180956034126355	1.48	0.08	21.4020046858679	12.4987079554302
GRB140818B	-11.7843	4.44713	-11.9463	-11.6223	4.30764	4.58663	1.25767857486918	0.04139268515822508	0.118443949609978	1.99	0.25	21.7607729442963	4.97731168703682
GRB140824A	-11.0198	2.63156	-11.1433	-10.8964	2.48128	2.78185	0.489958479424835	0.07918124604762482	0.072382413650542	1.98	0.21	21.0214018445404	0.501597423728004
GRB140916A	-11.776	5.03564	-11.9031	-11.6488	4.96547	5.1058	1.90363251608424	0.11394335230683679	0.133629071354847	2.15	0.27	21.1610168305473	15.6097794783625
GRB140927A	-11.3603	3.59415	-11.4761	-11.2446	3.45958	3.72871	0.79657433321043	-0.045757490560675115	0.0965098848673893	1.82	0.3	21.2918297661278	1.42603365502763
GRB141005A	-10.4975	2.75932	-10.6656	-10.3294	2.61123	2.90741	0.637489729512511	0.6232492903979004	0.0827227584577623	1.33	0.18	21.5226411212026	0.590267725173062
GRB141017A	-10.4872	3.64462	-10.553	-10.4215	3.57938	3.70986	1.74585519517373	0.8260748027008264	0.0194460215777575	1.05	0.28	21.269031918602	2.80564572984189
GRB141020A	-10.8233	3.34044	-10.9288	-10.7178	3.22055	3.46033	1.19173039336286	-0.1549019599857432	0.124084137686643	1.74	0.18	20.3684858522067	2.05455590614739
GRB141026A	-11.7639	4.59028	-11.8648	-11.663	4.43909	4.74148	2.16435285578444	-0.3979400086720376	0.217147240951626	2.34	0.19	21.4545948782699	15.1700464169284
GRB141031A	-11.5204	4.72093	-11.6942	-11.3467	4.54682	4.89503	2.96378782734556	-0.3010299956639812	0.173717792761301	1.21	0.13	21.3878751105773	628.091645050989
GRB141109B	-10.9767	3.5871	-11.047	-10.9064	3.40507	3.76913	1.73399928653839	-0.3979400086720376	0.108573620475813	1.85	0.22	20.9905501777759	5.37069083571149
GRB141221A	-9.78946	2.92269	-9.92929	-9.64962	2.76774	3.07763	1.56702636615906	0.4913616938342727	0.0280189988324679	1.74	0.08	21.4678876805073	4.10187130304949
GRB150323A	-11.5974	4.25725	-11.6903	-11.5045	4.12256	4.39193	2.17493159352844	0.7323937598229685	0.0241274712168473	1.85	0.07	21.6926962555066	8.92164313190198
GRB150323C	-11.6292	3.86864	-11.6967	-11.5616	3.78807	3.94921	2.20248831706009	0.04139268515822508	0.118443949609978	2.09	0.32	20.7880530626744	53.9513813778746
GRB150424A	-10.8513	3.43316	-10.9185	-10.7841	3.33698	3.52933	1.95904139232109	1.0791812460476249	0.0144764827301084	1.23	0.15	21.0188772588155	22.1240361727103
GRB150428B	-11.6808	4.54278	-11.7695	-11.592	4.3857	4.69985	2.11693964655076	0.146128035678238	0.0930631032649825	1.0	0.5	21.513766175091	15.6676539154299
GRB150430A	-10.4325	3.54254	-10.4908	-10.3742	3.49229	3.59279	2.02978947083186	0.6989700043360189	0.0868588963806503	1.43	0.12	21.578965896529	6.6842669033943
GRB150530A	-10.6954	3.26007	-10.804	-10.5869	3.10991	3.41023	0.8208579894397	0.6127838567197355	0.0635552900346222	1.49	0.11	22.3294405947503	0.839437926650678
GRB150607A	-9.50944	2.71762	-9.55638	-9.4625	2.65158	2.78365	1.41995574848976	0.6901960800285137	0.0443157634595155	0.99	0.41	21.3340013265539	0.713257322255766
GRB150615A	-11.3767	4.30707	-11.4465	-11.3069	4.17309	4.44104	1.44090908206522	-0.2218487496163564	0.144764827301084	1.84	0.21	21.7017681633491	5.14136982655636
GRB150626B	-11.1175	4.71169	-11.2553	-10.9797	4.65505	4.76834	1.68124123737559	-0.2218487496163564	0.144764827301084	1.36	0.21	21.9822712330396	22.6274169979695
GRB150711A	-10.8257	3.59028	-10.907	-10.7443	3.4714	3.70917	1.80753502806885	0.5797835966168101	0.0457152086213949	1.79	0.08	21.6244915588761	14.1552811438769
GRB150801B	-8.71783	3.25529	-9.51958	-7.91608	2.99433	3.51625	2.62940959910272	0.3979400086720376	0.0347435585522601	1.84	0.14	22.4878896065359	30.2632755209732
GRB150817A	-10.0959	3.39134	-10.1457	-10.046	3.34057	3.44212	1.58883172559421	0.9822712330395684	0.0135717025594766	1.78	0.04	21.6523807677089	199.680663010251
GRB150911A	-10.2632	3.58105	-10.3807	-10.1456	3.50802	3.65408	0.857332496431269	0.7160033436347992	0.0250554508790338	1.02	0.26	21.633665358434	0.588489602106457
GRB151001A	-10.6292	3.33312	-10.6956	-10.5627	3.24586	3.42037	0.951337518795918	0.11394335230683679	0.0668145356774233	1.17	0.11	20.9080934412007	1.06650831336257
GRB151114A	-10.6397	2.97269	-10.8319	-10.4475	2.80238	3.14299	0.686636269262293	0.4623979978989561	0.0599026871590692	2.14	0.25	21.3033842936436	0.846990032594533
GRB151118A	-9.9889	2.92497	-10.1989	-9.77893	2.65367	3.19626	1.36921585741014	0.07918124604762482	0.036191206825271	1.80	0.2	22.0168215691157	10.5252009684499
GRB151205A	-8.81097	2.28802	-8.90994	-8.71201	2.21763	2.3584	1.7979596437372	-0.2218487496163564	0.072382413650542	1.17	0.13	21.8667309200731	12.2822929448992
GRB151228B	-11.3242	3.50046	-11.4471	-11.2014	3.2802	3.72071	1.68124123737559	0.	0.0868588963806504	1.09	0.34	20.7593266620382	16
GRB160104A	-11.9491	4.59482	-12.099	-11.7992	4.32401	4.86563	1.20951501454263	0.	0.0868588963806504	1.76	0.19	21.4334629182211	2.46732650047342
GRB160119A	-11.1805	4.32085	-11.2185	-11.1425	4.2805	4.3612	2.06445798922692	0.4623979978989561	0.0299513435795346	1.68	0.05	21.3074211530985	14.9228180919667
GRB160123A	-11.1607	3.26757	-11.3217	-10.9997	3.01619	3.51895	0.59659709562646	0.11394335230683679	0.0668145356774233	1.51	0.16	21.424523931121	0.623246350817473
GRB160127A	-10.5862	3.2676	-10.6558	-10.5165	3.20029	3.33492	0.789580712164425	0.146128035678238	0.0930631032649825	0.99	1.11	21.0155206996	0.936657860780595
GRB160412A	-11.7502	4.47886	-11.8268	-11.6736	4.35322	4.60451	1.4996870826184	0.2041199826559248	0.0542868102379065	1.88	0.08	21.4377605483086	4.05306009256854
GRB160417A	-11.4802	3.65811	-11.54	-11.4203	3.55329	3.76294	1.17609125905568	0.	0.130288344570976	1.93	0.24	20.4658328324811	3.1613668309559
GRB160504A	-11.5015	4.23844	-11.5498	-11.4532	4.1825	4.29437	1.73158876518674	-0.1549019599857432	0.0620420688433217	1.88	0.2	21.1438656208972	6.04395397582683
GRB160630A	-10.3254	3.54193	-10.3576	-10.2931	3.49939	3.58447	1.46982201597816	0.07918124604762482	0.072382413650542	1.32	0.14	21.6711930290683	5.51118136655692
GRB160705B	-11.9322	4.56399	-11.9945	-11.8698	4.43894	4.68903	1.73559889969818	-0.3010299956639812	0.173717792761301	1.79	0.27	20.9072667510385	12.4123823520011
GRB160815A	-10.3999	3.17448	-10.4747	-10.3251	3.06019	3.28876	0.934498451243568	0.6720978579357175	0.0369612325024044	0.96	0.41	21.4186081727097	1.8342955655889
GRB160824A	-10.3081	3.83339	-10.3566	-10.2596	3.77297	3.89381	1.99694924849538	0.11394335230683679	0.0668145356774233	1.64	0.11	22.0075655750078	7.84555718933669
GRB160905A	-8.9155	3.06527	-8.92382	-8.90718	3.056	3.07455	1.80617997398389	0.7993405494535817	0.0206806896144406	1.04	0.03	21.735938059795	16
GRB161001A	-10.0841	3.39412	-10.1413	-10.0268	3.31568	3.47256	0.414973347970818	0.5440680443502757	0.0248168275373287	1.14	0.09	21.8095661111736	0.40051963120828
GRB161004B	-9.39802	2.43837	-9.50943	-9.28661	2.32159	2.55514	1.20139712432045	1.0043213737826426	0.0171997814615149	1.21	0.13	22.0411324253148	0.716100569843843
GRB161113A	-11.9023	4.28684	-12.0034	-11.8011	4.1168	4.45688	1.62940959910272	0.146128035678238	0.0620420688433217	1.73	0.1	21.0732343096353	11.0991403470161
GRB161214B	-11.3198	4.17771	-11.3842	-11.2554	4.08781	4.26762	1.39445168082622	0.3424226808222063	0.0394813165366593	1.76	0.09	21.0569238989224	3.13691890536705
GRB161217A	-11.1373	3.1149	-11.2373	-11.0374	2.95427	3.27554	1.26007138798507	-0.3979400086720376	0.108573620475813	2.7	1.8394	20.4365059698313	5.81273637182669
GRB170208B	-10.5809	3.45314	-10.6382	-10.5235	3.35042	3.55586	2.10744740952361	0.9242792860618817	0.0103403448072203	1.18	0.21	21.5925289373485	5.75414143681782
GRB170317A	-10.7249	3.22899	-10.7726	-10.6772	3.17024	3.28775	1.07700432679335	0.5440680443502757	0.037225241305993	0.80	0.49	21.4027255290306	4.87496131951583
GRB170331A	-11.5069	3.79838	-11.6854	-11.3284	3.57528	4.02148	1.24477176149529	0.07918124604762482	0.144764827301084	0.37	1.19	21.7447181487789	2.57327802102363
GRB170711A	-10.9417	3.57249	-11.0094	-10.8739	3.43804	3.70694	1.49554433754645	0.6812412373755872	0.0180956034126355	1.75	0.1	21.8187186504044	7.63462009249035
GRB170803A	-10.1971	2.96196	-10.2438	-10.1505	2.91293	3.01099	0.582063362911709	0.8129133566428556	0.020044360703227	0.65	0.28	21.1269174279435	0.233649318060114
GRB170822A	-9.90552	3.747	-9.97167	-9.83938	3.71092	3.78308	1.80617997398389	0.6232492903979004	0.072382413650542	1.80	0.09	21.5500668388799	16
GRB171027A	-9.95031	3.26278	-10.0025	-9.89811	3.19565	3.32991	1.98497712641549	0.47712125471966244	0.0289529654602168	1.25	0.18	21.5085539579869	4.9988430358009
GRB171120A	-10.9086	4.53418	-10.9559	-10.8613	4.46604	4.60233	1.80617997398389	1.0569048513364727	0.0190480035922479	1.06	0.28	22.3825121262939	16
GRB171123A	-11.4263	3.76961	-11.5427	-11.3098	3.58858	3.95065	1.76715586608218	-0.09691001300805639	0.108573620475813	1.35	0.34	21.0383852694924	27.0612413239722
GRB171211A	-10.6388	2.93112	-10.863	-10.4146	2.60764	3.25461	0.3654879848909	0.36172783601759284	0.0566471063352068	1.77	0.21	21.2472485925937	0.455367963461657
GRB180115A	-10.9141	3.62081	-10.9532	-10.875	3.57206	3.66955	1.61172330800734	-0.2218487496163564	0.144764827301084	1.66	0.22	20.6139738864907	3.11285851853654
GRB180224A	-10.5124	3.46482	-10.5902	-10.4346	3.39004	3.53959	1.03742649794062	0.146128035678238	0.0620420688433217	2.11	0.18	20.9645310148041	3.56897359184709
GRB180314A	-10.3733	3.19213	-10.4357	-10.311	3.11008	3.27418	1.70926996097583	0.8976270912904415	0.0329843910306267	0.83	0.25	8.86830403912083	22.2996266516377
GRB180316A	-9.13278	2.70967	-9.28671	-8.97884	2.60196	2.81738	1.93951925261862	0.5185139398778874	0.0658021942277654	1.46	0.12	21.5124695967566	20.591260281974
GRB180331B	-11.3357	4.3889	-11.3804	-11.291	4.32621	4.45159	2.16731733474818	0.4471580313422192	0.0465315516324913	2.48	0.22	20.9903175391979	33.0605505096331
GRB180411A	-10.2597	3.9963	-10.3051	-10.2143	3.94838	4.04421	1.88930170250631	0.785329835010767	0.0142391633410902	1.46	0.03	22.2320177195751	1.00409571383667
GRB180425A	-11.8748	4.48348	-11.9867	-11.7629	4.29695	4.67001	1.04921802267018	0.3424226808222063	0.0592219748049889	1.35	0.13	21.0790107520018	2.71227132798173
GRB180514A	-11.8389	4.17677	-11.9229	-11.7549	4.02658	4.32696	1.67117284271508	-0.1549019599857432	0.0620420688433217	1.77	0.14	20.8225890885597	181.892871552812
GRB180614A	-10.4888	3.04737	-10.734	-10.2437	2.75053	3.3442	0.847572659142112	-0.1549019599857432	0.0620420688433217	1.53	0.26	22.2314311037097	0.917474786708231
GRB180623A	-9.90005	3.69917	-9.94788	-9.85221	3.66359	3.73476	2.06032002868829	0.7481880270062004	0.0155105172108304	1.45	0.04	22.8253319779692	6.81986998340227
GRB180626A	-10.8016	3.89183	-10.8338	-10.7694	3.84961	3.93405	1.47813342810052	0.6127838567197355	0.0423701933564148	1.64	0.27	21.3659246804868	1.36662506760594
GRB180630A	-9.96603	3.09267	-10.0311	-9.901	2.98925	3.19609	1.27531135454181	0.8195439355418687	0.0263208776911062	2.07	0.1	21.2370090862215	6.47663124781276
GRB180706A	-11.2568	3.79087	-11.3022	-11.2114	3.71	3.87174	1.63042787502502	0.505149978319906	0.0271434051189532	1.90	0.08	20.7223640497047	7.29554847120756
GRB180720C	-10.9196	3.49451	-11.0397	-10.7995	3.29071	3.69831	2.09412159584056	0.04139268515822508	0.0789626330733185	1.39	0.13	22.4487778721404	32.6784691171636
GRB180721A	-11.727	3.82343	-11.9189	-11.5351	3.67128	3.97557	1.67760695272049	-0.045757490560675115	0.0482549424336946	1.25	0.22	21.143342428378	2.9961741829018
GRB180818B	-10.9776	4.06908	-11.0377	-10.9175	3.99793	4.14022	2.12839926871781	0.07918124604762482	0.072382413650542	1.77	0.12	21.1036634931579	9.78261668948041
GRB180821A	-11.6604	4.73545	-11.7337	-11.5872	4.63174	4.83917	1.80617997398389	0.43429448190325176*Log["n/a"]	0.434294481903252	1.79	0.31	21.5758163084582	22.6274169979695
GRB180823A	-10.3003	3.1323	-10.3996	-10.2011	3.01649	3.24811	1.90471554527868	0.36172783601759284	0.0377647375568045	1.58	0.05	21.0621399446104	6.89302403001873
GRB180924A	-10.8965	3.5304	-10.9889	-10.8042	3.41447	3.64633	1.97818051693741	-0.2218487496163564	0.072382413650542	1.94	0.14	20.8417679156425	11.8408677727485
GRB180925A	-10.997	3.18075	-11.0798	-10.9143	3.1003	3.2612	1.91222205653242	0.4913616938342727	0.0840569964974036	1.53	0.13	21.1720497876031	23.2520988175974
GRB181023A	-9.40653	3.29862	-9.65735	-9.1557	3.08311	3.51414	1.76342799356294	0.	0.130288344570976	1.74	0.24	21.3647318043115	8.80705991925374
GRB181103A	-11.0113	3.71006	-11.0566	-10.9659	3.63154	3.78859	0.923244018630276	-0.09691001300805639	0.108573620475813	1.90	0.27	21.8021800803218	2.41000585275786
GRB190109A	-10.929	3.4605	-11.0495	-10.8086	3.32135	3.59964	2.06069784035361	0.2787536009528289	0.0685728129320924	0.36	0.47	20.733620114994	33.4435856216658
GRB190202A	-9.44352	3.28863	-9.45556	-9.43148	3.27719	3.30008	1.28780172993023	0.8920946026904804	0.0835181695967792	1.32	0.13	20.8308067234232	6.89043402235768
GRB190203A	-8.81988	2.80793	-8.83625	-8.80352	2.79176	2.82409	1.98227123303957	0.4913616938342727	0.0840569964974036	1.06	0.06	21.8472696577414	16
GRB190204A	-8.67607	2.5734	-8.68869	-8.66346	2.56146	2.58534	1.42160392686983	1.4842998393467859	0.0128152470069812	1.30	0.04	21.7209852487605	7.49263017493553
GRB190211A	-10.5104	3.41868	-10.5788	-10.4419	3.34935	3.48801	1.09621458534641	0.2787536009528289	0.0914304172427899	1.51	0.33	20.8407952722495	1.45731809584274
GRB190219A	-11.5912	4.52688	-11.6676	-11.5147	4.37567	4.67809	2.22479195649268	0.2787536009528289	0.0457152086213949	2.24	0.1	21.2340014424009	12.8003112495262
GRB190311A	-11.0329	3.73931	-11.0984	-10.9673	3.62363	3.855	1.23044892137827	0.25527250510330607	0.072382413650542	1.80	0.17	21.582518792169	6.80073525436772
GRB190511A	-11.577	4.39622	-11.7533	-11.4007	4.28612	4.50633	1.44247976906445	0.7923916894982539	0.0840569964974036	1.19	p.10	21.2145900823896	2.35417588983274
GRB190515B	-11.2285	3.68578	-11.3378	-11.1192	3.51994	3.85161	1.66651798055488	0.04139268515822508	0.0789626330733185	1.74	0.15	21.1268252042341	12.2547910006235
GRB190519A	-9.645	3.34823	-9.67826	-9.61174	3.29979	3.39667	1.65877432084436	1.3138672203691535	0.0358398358852198	1.32	0.24	21.8164733037652	2.85630253194435
GRB190604B	-10.0302	3.5915	-10.0889	-9.97149	3.51187	3.67113	2.34281731463573	0.8633228601204559	0.0237969579125069	1.81PL	2.02184	21.4618690346815	4.735231816739
GRB190613B	-10.9611	4.42656	-11	-10.9221	4.35914	4.49398	2.20639406443087	0.7558748556724915	0.0533344100582941	1.84	0.24	21.4200792489025	16.5402054901977
GRB190706B	-11.2376	3.61223	-11.3311	-11.144	3.45744	3.76702	1.40071063677323	0.146128035678238	0.0620420688433217	1.90	0.23	21.5298353273365	6.34883608805165
GRB190719C	-11.0479	4.666	-11.1253	-10.9705	4.60248	4.72953	2.26881190373978	0.7403626894942439	0.0236887899219956	1.64	0.09	20.9538258694985	9.68928564596491
